
# Algebra: ```transpose```,    ```dot```,    ```linalg```

Read more about algebra library [here](https://docs.scipy.org/doc/numpy-1.13.0/reference/routines.linalg.html)


```python
import numpy as np
import seaborn as sns
import matplotlib.pyplot as plt
% matplotlib inline
sns.set()
```

### Dot Product

$$ u = M.v $$


```python
v = np.random.rand(5)
v
```




    array([ 0.61880652,  0.16277711,  0.77725885,  0.39357105,  0.72518988])




```python
M = np.random.rand(5,5)
M
```




    array([[ 0.44722927,  0.75871176,  0.74971577,  0.83610699,  0.18085266],
           [ 0.00121306,  0.84271476,  0.65241612,  0.27094445,  0.63364293],
           [ 0.07906587,  0.85301928,  0.62214839,  0.59205861,  0.70427723],
           [ 0.88162665,  0.76250728,  0.15724579,  0.63985535,  0.04617605],
           [ 0.57250482,  0.6551876 ,  0.562632  ,  0.29052545,  0.29159418]])




```python
u = np.dot(M,v)
u
```




    array([ 1.44319253,  1.21116885,  1.41510068,  1.07721068,  1.22403352])



### Transpose of a matrix


```python
plt.figure(figsize = [15,6])
plt.subplot(1,2,1)
sns.heatmap(M, annot=True)
plt.subplot(1,2,2)
sns.heatmap(M.T, annot=True)
```




    <matplotlib.axes._subplots.AxesSubplot at 0x11ce902b0>




![png](output_8_1.png)


### Solve


```python
import numpy.linalg as LA
```


```python
M = np.random.rand(5,5)
v = np.random.rand(5)
LA.solve(M, v)
```




    array([-0.70443073,  0.00920272,  1.79273467,  0.28129874,  0.0351515 ])



### Inverse


```python
MI = LA.inv(M)
```


```python
np.dot(MI,M)
```




    array([[  1.00000000e+00,   1.11022302e-16,  -2.22044605e-16,
             -2.77555756e-17,  -5.55111512e-17],
           [ -4.44089210e-16,   1.00000000e+00,  -4.44089210e-16,
             -3.74700271e-16,  -2.22044605e-16],
           [  1.11022302e-16,   1.11022302e-16,   1.00000000e+00,
              2.08166817e-17,   1.38777878e-16],
           [  0.00000000e+00,   2.22044605e-16,   2.22044605e-16,
              1.00000000e+00,   5.55111512e-17],
           [  4.44089210e-16,   1.11022302e-16,   2.22044605e-16,
              4.16333634e-17,   1.00000000e+00]])



### Determinant


```python
LA.det(M)
```




    -0.045069829276640772



### Singular Value Decomposition


```python
U,s,v = LA.svd(M)
```


```python
U
```




    array([[-0.36955796,  0.82623516, -0.10506496, -0.38322577,  0.15120101],
           [-0.40915055, -0.52825188,  0.07308364, -0.58566133,  0.45299599],
           [-0.27156968, -0.02207665, -0.5227498 ,  0.57959325,  0.56264272],
           [-0.70259694, -0.01970269,  0.54356007,  0.39190428, -0.23858507],
           [-0.35865051, -0.19341623, -0.64412362, -0.14360195, -0.63122359]])




```python
s
```




    array([ 2.22951719,  1.04725056,  0.39529212,  0.2559056 ,  0.19082116])




```python
v
```




    array([[-0.5796746 , -0.39152082, -0.43864895, -0.32442397, -0.46154631],
           [-0.5284475 ,  0.42628206, -0.3319487 ,  0.63137979,  0.1737713 ],
           [ 0.36619987, -0.57923042, -0.56088856,  0.3066463 ,  0.3489439 ],
           [-0.23678668,  0.14559935, -0.16403051, -0.58705857,  0.74242112],
           [-0.44107859, -0.55523689,  0.59656951,  0.2396642 ,  0.28952991]])


